list of urls

13576,12896,10938,13119,12205,13053,12541,12226,10338,12205,8084,10587,11129,11544,11016,7980,762,12740,11747,10857,12205,13797,9532,13697,13054,12981,13694,10304,1
0035,10506,5030,11813,11139,12896,9632,6175,13751,12033,11046,9532,10416,13642,1
0506,13428,11363,14482,13054,13510,10777,11576,13849,10130,6981,12610,10559,1056
0,13694,10506,10581,11623,13582,13471,9532,14090,11576,762,13360,8534,13697,1369
9,12940,11623,11310,7566,10506,12666,11363,12229,13582,13510,8534,11446,12700,10
777,12981,10506,12940,13590,13803,11409,11310,10581,14482,12007,13471,14090,1238
1,12896,10729,13227,11813,13563,7980,11623,13005,11310,12981,13471,13900,13935,1
2007,11296,9632,13849,11446,11529,11813,10559,12610,13610,12981,13471,13273,1131
0,13054,11312,5030,13510,12666,13227,11576,9632,10559,14246,12981,13699,7747,134
28,12666,11409,13900,8158,13510,10506,11529,12700,13227,6175,11623,13697,13590,1
0506,10581,11310,11409,12666,9844,10035,13430,13428,13849,11576,11107,11446,1360
2,7980,12095,11623,13471,10506,12981,12666,13900,8158,13054,10506,12541,12666,96
32,13822,11623,13789,12981,10506,10304,13005,12699,12666,9532,13582,13325,13510,
11107,8534,12381,13610,10622,12095,14246,13590,13428,12666,13005,11409,14482,100
35,13054,14090,762,11529,12700,14396,13610,6981,10622,11623,13054,13642,12699,75
66,13325,11813,10506,12007,762,9632,12541,8534,12095,13697,13405,12981,13642,126
66,10304,7566,14482,12928,10035,13900,11446,10130,12541,12700,10506,13697,14246,
13590,10581,12285,11623,13471,13428,13900,8158,9844,11139,11446,14396,10729,1369
9,13590,12610,10622,13803,12666,13576,13005,11813,11296,5030,9532,

11554,13005,10932,14544,7108,12261,10416,10560,13822,5030,13075,9042,1
0347,9628,10304,10857,13751,12630,14235,12790,12610,10587,12261,13452,13792,1019
8,14090,11046,12748,11057,12777,9042,10416,6981,13751,9042,10130,13680,7108,1058
7,12477,9042,13075,11139,10857,13428,10506,13699,12932,12226,9042,13792,10416,10
560,5947,9628,12381,13003,11046,7944,10304,10506,10338,12846,12630,12668,13908,1
1016,10416,7108,13642,10587,5030,12442,13075,10347,13699,9853,9042,10411,13908,1
0416,10304,13792,12477,12381,13600,13500,11046,12381,11139,12205,10506,10857,127
77,10304,6981,13908,10416,13053,9042,13500,12261,6981,11046,12442,11813,11312,12
748,10304,9628,13627,12668,14235,11016,10771,12940,13642,13500,13851,13822,11046
,10598,5030,13900,6730,6175,13776,10304,10777,13751,12226,13600,12996,11554,1058
7,9163,12846,5030,9042,10857,13610,6175,10304,12226,6981,10771,13053,12996,12940
,13642,10416,14090,11046,11139,11312,13053,9853,11057,13699,10416,12226,12790,12
630,13452,12261,12477,11554,13822,11046,12477,14090,10857,11057,9042,13699,12668
,10416,12261,12932,11554,13751,13851,12996,12846,13003,10198,12442,10338,6175,96
28,12748,10932,12261,6981,12301,12261,10130,13751,10587,10587,7944,5030,9042,673
0,6175,10938,9628,13751,12668,12261,13560,12610,13680,12477,10416,13797,10598,11
813,10347,10411,13900,6175,13776,10938,9042,13908,10777,10560,11554,12381,10587,
11139,12846,12477,12381,10347,10338,12846,13900,11627,12790,10932,12932,12940,90
42,13452,12996,14090,12442,12205,12846,12748,10304,13627,13776,14235,12226,9042,
10777,12381,6981,13851,5947,11312,12846,14090,13003,10347,11057,12846,9853,10771
,12630,10932,13053,9042,10560,13751,12610,12205,9163,12541,9042,10347,10411,6175
,9628,6981,12932,9042,10777,10130,13642,12940,12261,11813,12541,13792,13075,9853
,12777,13610,10304,762,10938,14235,12261,12261,9042,13751,13600,14090,12477,9042
,9163,13776,6730,12748,9628,12668,9042,11627,13053,9042,12940,13680,10416,11813,
13075,9163,9042,10338,10347,13699,9853,9042,12226,12630,10938,13680,12261,12940,
13751,12541,13792,10598,13822,13900,9853,12748,13586,762,13560,10938,10416,12940
,12477,13855,12996,12477,12381,11046,11139,10857,11057,10938,9042,12301,13053,12
932,13560,12610,12477,7108,10130,12541,10598,11813,9163,13699,9628,13586,12777,1
1016,12261,10938,12932,9042,10587,13851,13680,11813,11312,10587,13797,10938,1390
0,13586,10347,10938,12630,13053,13792,6981,9628,12610,12996,12442,9163,12205,503
0,13428,12748,9042,13610,10932,12932,762,13560,13500,12261,11554,13751,11046,140
90,11312,10587,10938,10506,13610,13586,12668,9042,12301,10932,12996,9628,12940,5
947,10347,11312,10598,9163,13610,10338,10411,9853,10777,12668,12226,13560,6981,1
3680,13642,13851,7944,13797,12205,12541,10506,13053,10304,10857,762,13792,10938,
10777,13600,13642,10416,11554,12442,9163,10598,13797,13610,10857,9042,6175,13792
,12630,13560,10932,13855,13600,10416,10130,5030,12541,11312,13792,10938,10506,61
75,13586,13053,10777,9042,12261,12381,12940,10587,9628,10198,13792,11813,12541,1
0347,12777,10938,9628,12261,14235,9042,6981,10416,12477,10130,13452,7944,12477,1
1312,13075,11057,9042,13776,10347,10777,13751,12932,6981,12381,11554,10560,13452
,10198,12381,12205,11046,13053,13586,10347,10506,13560,12932,10771,13751,7108,12
261,13851,10587,10598,11813,12205,11139,12846,9853,10857,12748,6981,12790,10932,
9042,7108,13642,13600,10560,13003,5030,13797,11312,13900,9628,12748,12777,10771,
11016,13053,14235,13855,5947,12381,13751,10598,10198,11312,13003,12846,6175,1093
8,13900,13908,12261,12630,14235,13642,12477,13600,12940,13003,13797,13822,11139,
10338,9042,12777,13053,12790,11627,10777,6981,9042,12940,12996,10587,11046,10198
,13075,10347,9853,13900,12846,13428,10777,13751,10771,10304,13680,12940,13600,12
477,10198,11813,13822,9163,13586,9628,12777,11057,10771,10932,12630,10777,13452,
10130,13600,13680,10198,14090,12477,13792,10857,10304,10411,9042,13560,12932,109
38,762,6981,11554,10587,13500,14090,9163,13003,12381,10506,10857,12748,11057,762
,12226,13792,10932,13751,6981,13500,9628,9163,12381,12477,12846,13900,12777,9628
,10857,12932,12261,12301,10771,13500,12610,12996,13452,13075,13792,9042,12846,67
30,13053,9853,11057,11627,12630,10304,12301,10130,13642,13680,12381,13822,14090,
13797,13075,13699,13586,6730,13428,10771,10932,14235,13560,13855,13751,6981,1226
1,12477,14090,13797,13003,9042,10506,10304,6175,14235,13908,10777,13751,9628,710
8,13500,10416,9042,13003,13792,10598,13699,13900,9628,12846,10416,11627,12301,14
235,12477,12381,13600,12261,13075,13003,10198,9163,10857,10338,6175,9628,12932,1
0304,12226,10932,13855,12381,10560,13851,11312,12541,13797,13003,10411,6730,1362
7,10304,13751,10938,9042,10932,12477,13600,12996,9628,13075,9163,9042,12541,1050
6,13776,13900,13428,12261,13560,12226,10416,12381,13751,9628,10587,12442,10198,1
0347,13797,13900,6175,9042,10506,11627,13792,10777,9042,9042,10882,9959,13273,11
312,11554,12261,8158,13908,13776,9976,13291,13900,13398,13694,6730,10729,13680,1
3054,13470,12198,11312,12969,11782,12928,6175,13291,12777,12619,13398,13586,1280
2,13452,12699,13471,13428,11782,8158,12541,5030,11141,14246,13075,12627,12802,11
654,12619,13598,13500,13471,13452,9959,12541,12384,14482,12198,6175,13776,13840,
10571,9853,11654,11554,13900,13452,13470,10416,13471,6730,13470,12261,11296,1157
6,6175,10304,12928,13822,12619,11554,13694,13470,5030,10592,13500,11641,10752,71
08,8158,10571,11141,12928,12198,12619,11386,13900,11129,10592,9959,13680,5030,67
30,13855,11296,11129,6175,13789,13908,12327,11046,12379,12748,11654,13470,13471,
10752,13428,13470,11554,8621,11296,10571,13075,12748,10304,12666,11046,11386,123
79,9042,11310,12699,9959,8158,12668,12198,10752,13291,12777,13789,12928,9853,128
02,12748,11129,12740,13054,11782,13680,12969,11641,14482,11296,11141,12327,9532,
9976,13694,12802,11386,11129,9959,10752,13471,13470,12541,13855,12668,12700,1057
1,12095,11576,14246,11386,13600,12379,13900,13054,13471,10882,11310,13855,13861,
8621,12384,10304,12198,9976,12627,13598,11129,11554,13900,13470,5030,11310,11782
,11296,13470,12969,13861,10571,13291,13908,13849,9844,11129,13694,11654,9959,108
82,13273,13428,12969,7108,12261,8621,11141,13908,9532,11576,12748,10198,13398,13
822,13428,13273,10752,13471,10752,11554,13861,8621,12777,9976,13849,11576,13500,
9853,12619,9844,12269,13680,11782,13470,5030,12969,12541,12668,12198,9532,12627,
12928,12748,11129,12619,9853,13452,11310,10416,11296,12969,12541,11312,8621,1209
5,9976,9676,13789,13642,12802,11554,12748,10729,5030,13471,10592,11312,12700,123
84,6730,13908,9676,13075,11576,11654,13586,13822,11129,14370,5030,13500,10882,12
198,12541,12969,13861,12327,9532,10304,13776,13600,13586,12666,12619,10729,10752
,5030,7452,12261,7108,11312,12668,12777,12928,13840,14246,13586,10198,12379,9853
,13471,10416,10882,13452,5030,14482,8158,12668,13776,10571,12627,13849,13586,139
00,12802,13398,14370,10416,10729,13680,11129,12668,8621,12541,12198,12777,13075,
13840,13694,13642,12666,13398,13680,5030,12269,11310,13861,11782,12969,12384,121
98,10571,9676,12928,6730,13600,13398,11554,10729,7452,11782,12269,7108,13798,134
70,12541,12777,10304,12627,12748,12802,12619,13600,13900,13500,13470,11296,9042,
8158,11554,6730,11129,13849,10571,12777,13075,13600,13398,11554,13792,10882,1072
9,11296,13471,10752,11782,7108,13855,6175,13075,13291,12627,13586,12666,11554,11
129,12699,5030,14370,10592,12261,12668,13855,13470,12095,13849,10571,13840,11386
,11046,13822,13598,12269,5030,13054,10882,8158,13470,11554,13855,13789,6175,1157
6,12095,11129,12802,12666,12379,13471,14370,13452,10416,13798,12969,11554,5030,1
2627,12095,10304,14246,11554,13398,13500,11386,13428,13500,14370,10592,12384,112
96,12700,13798,6175,9532,12198,12327,13598,13792,9853,12748,13452,9042,13428,127
40,14482,11296,6730,13798,11576,13776,12095,12327,13792,12619,9844,6730,13470,13
273,10416,7452,6730,12700,14482,11554,12777,12327,13849,9532,12802,12748,13500,1
3900,11310,13471,10882,10752,12700,11296,10752,12384,10304,6175,11576,12198,9844
,12379,13500,13642,11310,13428,5030,10752,11782,12384,12198,11312,13908,9976,121
98,13840,13398,13822,12802,13600,13452,10592,13054,10416,5030,11554,12668,10752,
12627,12198,13908,13776,13642,12619,13598,13398,13470,5030,14370,10592,14482,710
8,10752,11641,13291,9976,13840,13908